37: 1 0, 2 0, 3 0, 4 0, 5 0, 6 0, 7 0, 8 0, 9 0, 10 0
38: 1 0, 2 0, 3 0, 4 0, 5 0, 6 1, 7 0, 8 0, 9 0, 10 0
39: 1 0, 2 0, 3 0, 4 0, 5 0, 6 1, 7 1, 8 0, 9 0, 10 0
40: 1 0, 2 0, 3 0, 4 0, 5 0, 6 1, 7 1, 8 1, 9 0, 10 0
41: 1 0, 2 0, 3 0, 4 0, 5 0, 6 1, 7 1, 8 1, 9 1, 10 0
42: 1 0, 2 0, 3 0, 4 0, 5 0, 6 1, 7 1, 8 1, 9 1, 10 1
43: 1 0, 2 0, 3 0, 4 0, 5 0, 6 1, 7 1, 8 1, 9 1, 10 1
44: 1 0, 2 0, 3 0, 4 0, 5 0, 6 2, 7 1, 8 1, 9 1, 10 1
45: 1 0, 2 0, 3 0, 4 0, 5 0, 6 2, 7 1, 8 1, 9 1, 10 1
46: 1 0, 2 0, 3 0, 4 0, 5 0, 6 2, 7 2, 8 1, 9 1, 10 1
47: 1 0, 2 0, 3 0, 4 0, 5 0, 6 2, 7 2, 8 1, 9 1, 10 1
48: 1 0, 2 0, 3 0, 4 0, 5 0, 6 2, 7 2, 8 2, 9 1, 10 1
49: 1 0, 2 0, 3 0, 4 0, 5 0, 6 2, 7 2, 8 2, 9 1, 10 1
50: 1 0, 2 0, 3 0, 4 0, 5 0, 6 2, 7 2, 8 2, 9 2, 10 1
51: 1 0, 2 0, 3 0, 4 0, 5 0, 6 2, 7 2, 8 2, 9 2, 10 1
52: 1 0, 2 0, 3 0, 4 0, 5 0, 6 2, 7 2, 8 2, 9 2, 10 2
53: 1 0, 2 0, 3 0, 4 0, 5 0, 6 2, 7 2, 8 2, 9 2, 10 2
54: 1 0, 2 0, 3 0, 4 0, 5 0, 6 2, 7 2, 8 2, 9 2, 10 2
55: 1 0, 2 0, 3 0, 4 0, 5 0, 6 2, 7 2, 8 2, 9 2, 10 2
56: 1 0, 2 0, 3 0, 4 0, 5 0, 6 3, 7 2, 8 2, 9 2, 10 2
57: 1 0, 2 0, 3 0, 4 0, 5 0, 6 3, 7 2, 8 2, 9 2, 10 2
58: 1 0, 2 0, 3 0, 4 0, 5 0, 6 3, 7 2, 8 2, 9 2, 10 2
59: 1 0, 2 0, 3 0, 4 0, 5 0, 6 3, 7 2, 8 2, 9 2, 10 2
60: 1 0, 2 0, 3 0, 4 0, 5 0, 6 3, 7 3, 8 2, 9 2, 10 2
61: 1 0, 2 0, 3 0, 4 0, 5 0, 6 3, 7 3, 8 2, 9 2, 10 2
62: 1 0, 2 0, 3 0, 4 0, 5 0, 6 3, 7 3, 8 2, 9 2, 10 2
63: 1 0, 2 0, 3 0, 4 0, 5 0, 6 3, 7 3, 8 2, 9 2, 10 2
64: 1 0, 2 0, 3 0, 4 0, 5 0, 6 3, 7 3, 8 3, 9 2, 10 2
65: 1 0, 2 0, 3 0, 4 0, 5 0, 6 3, 7 3, 8 3, 9 2, 10 2
66: 1 0, 2 0, 3 0, 4 0, 5 0, 6 3, 7 3, 8 3, 9 2, 10 2
67: 1 0, 2 0, 3 0, 4 0, 5 0, 6 3, 7 3, 8 3, 9 2, 10 2
68: 1 0, 2 0, 3 0, 4 0, 5 0, 6 3, 7 3, 8 3, 9 3, 10 2
69: 1 0, 2 0, 3 0, 4 0, 5 0, 6 3, 7 3, 8 3, 9 3, 10 2
70: 1 0, 2 0, 3 0, 4 0, 5 0, 6 3, 7 3, 8 3, 9 3, 10 2
71: 1 0, 2 0, 3 0, 4 0, 5 0, 6 3, 7 3, 8 3, 9 3, 10 2
72: 1 0, 2 0, 3 0, 4 0, 5 0, 6 3, 7 3, 8 3, 9 3, 10 3
73: 1 0, 2 0, 3 0, 4 0, 5 0, 6 3, 7 3, 8 3, 9 3, 10 3
74: 1 0, 2 0, 3 0, 4 0, 5 0, 6 3, 7 3, 8 3, 9 3, 10 3
75: 1 0, 2 0, 3 0, 4 0, 5 0, 6 3, 7 3, 8 3, 9 3, 10 3
76: 1 0, 2 0, 3 0, 4 0, 5 0, 6 3, 7 3, 8 3, 9 3, 10 3
77: 1 0, 2 0, 3 0, 4 0, 5 0, 6 3, 7 3, 8 3, 9 3, 10 3
78: 1 0, 2 0, 3 0, 4 0, 5 0, 6 3, 7 3, 8 3, 9 3, 10 3
79: 1 0, 2 0, 3 0, 4 0, 5 0, 6 3, 7 3, 8 3, 9 3, 10 3
80: 1 0, 2 0, 3 0, 4 0, 5 0, 6 3, 7 3, 8 3, 9 3, 10 3
81: 1 0, 2 0, 3 0, 4 0, 5 0, 6 3, 7 3, 8 3, 9 3, 10 3
82: 1 0, 2 0, 3 0, 4 0, 5 0, 6 3, 7 3, 8 3, 9 3, 10 3
83: 1 0, 2 0, 3 0, 4 0, 5 0, 6 3, 7 3, 8 3, 9 3, 10 3
84: 1 0, 2 0, 3 0, 4 0, 5 0, 6 3, 7 3, 8 3, 9 3, 10 3
85: 1 0, 2 0, 3 0, 4 0, 5 0, 6 3, 7 3, 8 3, 9 3, 10 3
86: 1 0, 2 0, 3 0, 4 0, 5 0, 6 3, 7 3, 8 3, 9 3, 10 3
87: 1 0, 2 0, 3 0, 4 0, 5 0, 6 3, 7 3, 8 3, 9 3, 10 3
88: 1 0, 2 0, 3 0, 4 0, 5 0, 6 3, 7 3, 8 3, 9 3, 10 3
89: 1 0, 2 0, 3 0, 4 0, 5 0, 6 3, 7 3, 8 3, 9 3, 10 3
90: 1 0, 2 0, 3 0, 4 0, 5 0, 6 3, 7 3, 8 3, 9 3, 10 3
91: 1 0, 2 0, 3 0, 4 0, 5 0, 6 3, 7 3, 8 3, 9 3, 10 3
92: 1 0, 2 0, 3 0, 4 0, 5 0, 6 3, 7 3, 8 3, 9 3, 10 3
93: 1 0, 2 0, 3 0, 4 0, 5 0, 6 3, 7 3, 8 3, 9 3, 10 3
94: 1 0, 2 0, 3 0, 4 0, 5 0, 6 3, 7 3, 8 3, 9 3, 10 3
95: 1 0, 2 0, 3 0, 4 0, 5 0, 6 3, 7 3, 8 3, 9 3, 10 3
96: 1 0, 2 0, 3 0, 4 0, 5 0, 6 3, 7 3, 8 3, 9 2, 10 3
97: 1 0, 2 0, 3 0, 4 0, 5 0, 6 3, 7 3, 8 3, 9 2, 10 3
98: 1 0, 2 0, 3 0, 4 0, 5 0, 6 3, 7 3, 8 3, 9 2, 10 3
99: 1 0, 2 0, 3 0, 4 0, 5 0, 6 3, 7 3, 8 3, 9 2, 10 3
100: 1 0, 2 0, 3 0, 4 0, 5 0, 6 3, 7 3, 8 3, 9 3, 10 2
101: 1 0, 2 0, 3 0, 4 0, 5 0, 6 3, 7 3, 8 3, 9 3, 10 2
102: 1 0, 2 0, 3 0, 4 0, 5 0, 6 3, 7 3, 8 3, 9 3, 10 2
103: 1 0, 2 0, 3 0, 4 0, 5 0, 6 3, 7 3, 8 3, 9 3, 10 2
104: 1 0, 2 0, 3 0, 4 0, 5 0, 6 2, 7 3, 8 3, 9 3, 10 3
105: 1 0, 2 0, 3 0, 4 0, 5 0, 6 2, 7 3, 8 3, 9 3, 10 3
106: 1 0, 2 0, 3 0, 4 0, 5 0, 6 2, 7 3, 8 3, 9 3, 10 3
107: 1 0, 2 0, 3 0, 4 0, 5 0, 6 2, 7 3, 8 3, 9 3, 10 3
108: 1 0, 2 0, 3 0, 4 0, 5 0, 6 3, 7 3, 8 3, 9 3, 10 3
109: 1 0, 2 0, 3 0, 4 0, 5 0, 6 3, 7 3, 8 3, 9 3, 10 3
110: 1 0, 2 0, 3 0, 4 0, 5 0, 6 3, 7 3, 8 3, 9 3, 10 3
111: 1 0, 2 0, 3 0, 4 0, 5 0, 6 3, 7 3, 8 3, 9 3, 10 3
112: 1 0, 2 0, 3 0, 4 0, 5 0, 6 3, 7 3, 8 3, 9 3, 10 3
113: 1 0, 2 0, 3 0, 4 0, 5 0, 6 3, 7 3, 8 3, 9 3, 10 3
114: 1 0, 2 0, 3 0, 4 0, 5 0, 6 3, 7 3, 8 3, 9 3, 10 3
115: 1 0, 2 0, 3 0, 4 0, 5 0, 6 3, 7 3, 8 3, 9 3, 10 3
116: 1 0, 2 0, 3 0, 4 0, 5 0, 6 3, 7 3, 8 3, 9 3, 10 3
117: 1 0, 2 0, 3 0, 4 0, 5 0, 6 3, 7 3, 8 3, 9 3, 10 3
118: 1 0, 2 0, 3 0, 4 0, 5 0, 6 3, 7 3, 8 3, 9 3, 10 3
119: 1 0, 2 0, 3 0, 4 0, 5 0, 6 3, 7 3, 8 3, 9 3, 10 3
120: 1 0, 2 0, 3 0, 4 0, 5 0, 6 3, 7 3, 8 3, 9 3, 10 3
121: 1 0, 2 0, 3 0, 4 0, 5 0, 6 3, 7 3, 8 3, 9 3, 10 3
122: 1 0, 2 0, 3 0, 4 0, 5 0, 6 3, 7 3, 8 3, 9 3, 10 3
123: 1 0, 2 0, 3 0, 4 0, 5 0, 6 3, 7 3, 8 3, 9 3, 10 3
124: 1 0, 2 0, 3 0, 4 0, 5 0, 6 3, 7 3, 8 3, 9 3, 10 3
125: 1 0, 2 0, 3 0, 4 0, 5 0, 6 3, 7 3, 8 3, 9 3, 10 3
126: 1 0, 2 0, 3 0, 4 0, 5 0, 6 3, 7 3, 8 3, 9 3, 10 3
127: 1 0, 2 0, 3 0, 4 0, 5 0, 6 3, 7 3, 8 3, 9 3, 10 3
128: 1 0, 2 0, 3 0, 4 0, 5 0, 6 3, 7 3, 8 3, 9 3, 10 3
129: 1 0, 2 0, 3 0, 4 0, 5 0, 6 3, 7 3, 8 3, 9 3, 10 3
130: 1 0, 2 0, 3 0, 4 0, 5 0, 6 3, 7 3, 8 3, 9 3, 10 3
131: 1 0, 2 0, 3 0, 4 0, 5 0, 6 3, 7 3, 8 3, 9 3, 10 3
132: 1 0, 2 0, 3 0, 4 0, 5 0, 6 3, 7 3, 8 3, 9 3, 10 2
133: 1 0, 2 0, 3 0, 4 0, 5 0, 6 3, 7 3, 8 3, 9 3, 10 2
134: 1 0, 2 0, 3 0, 4 0, 5 0, 6 3, 7 3, 8 3, 9 3, 10 2
135: 1 0, 2 0, 3 0, 4 0, 5 0, 6 3, 7 3, 8 3, 9 3, 10 2
136: 1 0, 2 0, 3 0, 4 0, 5 0, 6 2, 7 3, 8 3, 9 3, 10 3
137: 1 0, 2 0, 3 0, 4 0, 5 0, 6 2, 7 3, 8 3, 9 3, 10 3
138: 1 0, 2 0, 3 0, 4 0, 5 0, 6 2, 7 3, 8 3, 9 3, 10 3
139: 1 0, 2 0, 3 0, 4 0, 5 0, 6 2, 7 3, 8 3, 9 3, 10 3
140: 1 0, 2 0, 3 0, 4 0, 5 0, 6 3, 7 2, 8 3, 9 3, 10 3
141: 1 0, 2 0, 3 0, 4 0, 5 0, 6 3, 7 2, 8 3, 9 3, 10 3
142: 1 0, 2 0, 3 0, 4 0, 5 0, 6 3, 7 2, 8 3, 9 3, 10 3
143: 1 0, 2 0, 3 0, 4 0, 5 0, 6 3, 7 2, 8 3, 9 3, 10 3
144: 1 0, 2 0, 3 0, 4 0, 5 0, 6 3, 7 3, 8 3, 9 3, 10 3
145: 1 0, 2 0, 3 0, 4 0, 5 0, 6 3, 7 3, 8 3, 9 3, 10 3
146: 1 0, 2 0, 3 0, 4 0, 5 0, 6 3, 7 3, 8 3, 9 3, 10 3
147: 1 0, 2 0, 3 0, 4 0, 5 0, 6 3, 7 3, 8 3, 9 3, 10 3
148: 1 0, 2 0, 3 0, 4 0, 5 0, 6 3, 7 3, 8 3, 9 3, 10 3
149: 1 0, 2 0, 3 0, 4 0, 5 0, 6 3, 7 3, 8 3, 9 3, 10 3
150: 1 0, 2 0, 3 0, 4 0, 5 0, 6 3, 7 3, 8 3, 9 3, 10 3
151: 1 0, 2 0, 3 0, 4 0, 5 0, 6 3, 7 3, 8 3, 9 3, 10 3
152: 1 0, 2 0, 3 0, 4 0, 5 0, 6 3, 7 3, 8 3, 9 3, 10 3
153: 1 0, 2 0, 3 0, 4 0, 5 0, 6 3, 7 3, 8 3, 9 3, 10 3
154: 1 0, 2 0, 3 0, 4 0, 5 0, 6 3, 7 3, 8 3, 9 3, 10 3
155: 1 0, 2 0, 3 0, 4 0, 5 0, 6 3, 7 3, 8 3, 9 3, 10 3
156: 1 0, 2 0, 3 0, 4 0, 5 0, 6 3, 7 3, 8 3, 9 3, 10 3
157: 1 0, 2 0, 3 0, 4 0, 5 0, 6 3, 7 3, 8 3, 9 3, 10 3
158: 1 0, 2 0, 3 0, 4 0, 5 0, 6 3, 7 3, 8 3, 9 3, 10 3
159: 1 0, 2 0, 3 0, 4 0, 5 0, 6 3, 7 3, 8 3, 9 3, 10 3
160: 1 0, 2 0, 3 0, 4 0, 5 0, 6 3, 7 3, 8 3, 9 3, 10 3
161: 1 0, 2 0, 3 0, 4 0, 5 0, 6 3, 7 3, 8 3, 9 3, 10 3
162: 1 0, 2 0, 3 0, 4 0, 5 0, 6 3, 7 3, 8 3, 9 3, 10 3
163: 1 0, 2 0, 3 0, 4 0, 5 0, 6 3, 7 3, 8 3, 9 3, 10 3
164: 1 0, 2 0, 3 0, 4 0, 5 0, 6 3, 7 3, 8 3, 9 3, 10 3
165: 1 0, 2 0, 3 0, 4 0, 5 0, 6 3, 7 3, 8 3, 9 3, 10 3
166: 1 0, 2 0, 3 0, 4 0, 5 0, 6 3, 7 3, 8 3, 9 3, 10 3
167: 1 0, 2 0, 3 0, 4 0, 5 0, 6 3, 7 3, 8 3, 9 3, 10 3
168: 1 0, 2 0, 3 0, 4 0, 5 0, 6 2, 7 3, 8 3, 9 3, 10 3
169: 1 0, 2 0, 3 0, 4 0, 5 0, 6 2, 7 3, 8 3, 9 3, 10 3
170: 1 0, 2 0, 3 0, 4 0, 5 0, 6 2, 7 3, 8 3, 9 3, 10 3
171: 1 0, 2 0, 3 0, 4 0, 5 0, 6 2, 7 3, 8 3, 9 3, 10 3
172: 1 0, 2 0, 3 0, 4 0, 5 0, 6 3, 7 2, 8 3, 9 3, 10 3
173: 1 0, 2 0, 3 0, 4 0, 5 0, 6 3, 7 2, 8 3, 9 3, 10 3
174: 1 0, 2 0, 3 0, 4 0, 5 0, 6 3, 7 2, 8 3, 9 3, 10 3
175: 1 0, 2 0, 3 0, 4 0, 5 0, 6 3, 7 2, 8 3, 9 3, 10 3
176: 1 0, 2 0, 3 0, 4 0, 5 0, 6 3, 7 3, 9 3, 10 3
177: 1 0, 2 0, 3 0, 4 0, 5 0, 6 3, 7 3, 9 3, 10 3
178: 1 0, 2 0, 3 0, 4 0, 5 0, 6 3, 7 3, 9 3, 10 3
179: 1 0, 2 0, 3 0, 4 0, 5 0, 6 3, 7 3, 9 3, 10 3
180: 1 0, 2 0, 3 0, 4 0, 5 0, 6 3, 7 3, 10 3
181: 1 0, 2 0, 3 0, 4 0, 5 0, 6 3, 7 3, 10 3
182: 1 0, 2 0, 3 0, 4 0, 5 0, 6 3, 7 3, 10 3
183: 1 0, 2 0, 3 0, 4 0, 5 0, 6 3, 7 3, 10 3
184: 1 0, 2 0, 3 0, 4 0, 5 0, 6 3, 7 3, 10 3
185: 1 0, 2 0, 3 0, 4 0, 5 0, 6 3, 7 3, 10 3
186: 1 0, 2 0, 3 0, 4 0, 5 0, 6 3, 7 3, 10 3
187: 1 0, 2 0, 3 0, 4 0, 5 0, 6 3, 7 3, 10 3
188: 1 0, 2 0, 3 0, 4 0, 5 0, 6 3, 7 3, 10 3
189: 1 0, 2 0, 3 0, 4 0, 5 0, 6 3, 7 3, 10 3
190: 1 0, 2 0, 3 0, 4 0, 5 0, 6 3, 7 3, 10 3
191: 1 0, 2 0, 3 0, 4 0, 5 0, 6 3, 7 3, 10 3
192: 1 0, 2 0, 3 0, 4 0, 5 0, 6 3, 7 3, 10 3
193: 1 0, 2 0, 3 0, 4 0, 5 0, 7 3, 10 3
194: 1 0, 2 0, 3 0, 4 0, 5 0, 10 3
195: 1 0, 2 0, 3 0, 4 0, 5 0, 10 3
196: 1 0, 2 0, 3 0, 4 0, 5 0
197: 1 0, 2 0, 3 0, 4 0, 5 0
198: 1 0, 2 0, 3 0, 4 0, 5 0
199: 1 0, 2 0, 3 0, 4 0, 5 0
200: 1 0, 2 0, 3 0, 4 0, 5 0
201: 1 0, 2 0, 3 0, 4 0, 5 0
202: 1 0, 2 0, 3 0, 4 0, 5 0
203: 1 0, 2 0, 3 0, 4 0, 5 0
204: 1 0, 2 0, 3 0, 4 0, 5 0
205: 1 0, 2 0, 3 0, 4 0, 5 0
206: 1 0, 2 0, 3 0, 4 0, 5 0
207: 1 0, 2 0, 3 0, 4 0, 5 0
208: 1 0, 2 0, 3 0, 4 0, 5 0
209: 1 0, 2 0, 3 0, 4 0, 5 0
210: 1 0, 2 0, 3 0, 4 0, 5 0
211: 1 0, 2 0, 3 0, 4 0, 5 0
212: 1 0, 2 0, 3 0, 4 0, 5 0
213: 1 0, 2 0, 3 0, 4 0, 5 0
214: 1 0, 2 0, 3 0, 4 0, 5 0
215: 1 0, 2 0, 3 0, 4 0, 5 0
216: 1 0, 2 0, 3 0, 4 0, 5 0
217: 1 0, 2 0, 3 0, 4 0, 5 0
218: 1 0, 2 0, 3 0, 4 0, 5 0
219: 1 0, 2 0, 3 0, 4 0, 5 0
220: 1 0, 2 0, 3 0, 4 0, 5 0
221: 1 0, 2 0, 3 0, 4 0, 5 0
222: 1 0, 2 0, 3 0, 4 0, 5 0
223: 1 0, 2 0, 3 0, 4 0, 5 0
224: 1 0, 2 0, 3 0, 4 0, 5 0
225: 1 0, 2 0, 3 0, 4 0, 5 0
226: 1 0, 2 0, 3 0, 4 0, 5 0
227: 1 0, 2 0, 3 0, 4 0, 5 0
228: 1 0, 2 0, 3 0, 4 0, 5 0
229: 1 0, 2 0, 3 0, 4 0, 5 0
230: 1 0, 2 0, 3 0, 4 0, 5 0
231: 1 0, 2 0, 3 0, 4 0, 5 0
232: 1 0, 2 0, 3 0, 4 0, 5 0
233: 1 0, 2 0, 3 0, 4 0, 5 0
234: 1 0, 2 0, 3 0, 4 0, 5 0
235: 1 0, 2 0, 3 0, 4 0, 5 0
236: 1 0, 2 0, 3 0, 4 0, 5 0