35: 1 70, 2 71, 3 72, 4 73, 5 74, 6 75, 7 76, 8 77, 9 78, 10 79
36: 1 70, 2 71, 3 72, 4 73, 5 74, 6 75, 7 76, 8 77, 9 78, 10 79
37: 1 70, 2 71, 3 72, 4 73, 5 74, 6 75, 7 76, 8 77, 9 78, 10 79
38: 1 70, 2 71, 3 72, 4 73, 5 74, 6 75, 7 76, 8 77, 9 78, 10 79
39: 1 70, 2 71, 3 72, 4 73, 5 74, 6 75, 7 76, 8 77, 9 78, 10 79
40: 1 70, 2 71, 3 72, 4 73, 5 74, 6 75, 7 76, 8 77, 9 78, 10 79
41: 1 70, 2 71, 3 72, 4 73, 5 74, 6 75, 7 76, 8 77, 9 78, 10 79
42: 1 70, 2 71, 3 72, 4 73, 5 74, 6 75, 7 76, 8 77, 9 78, 10 79
43: 1 70, 2 71, 3 72, 4 73, 5 74, 6 75, 7 76, 8 77, 9 78, 10 79
44: 1 70, 2 71, 3 72, 4 73, 5 74, 6 75, 7 76, 8 77, 9 78, 10 79
45: 1 70, 2 71, 3 72, 4 73, 5 74, 6 75, 7 76, 8 77, 9 78, 10 79
46: 1 70, 2 71, 3 72, 4 73, 5 74, 6 75, 7 76, 8 77, 9 78, 10 79
47: 1 70, 2 71, 3 72, 4 73, 5 74, 6 75, 7 76, 8 77, 9 78, 10 79
48: 1 70, 2 71, 3 72, 4 73, 5 74, 6 75, 7 76, 8 77, 9 78, 10 79
49: 1 70, 2 71, 3 72, 4 73, 5 74, 6 75, 7 76, 8 77, 9 78, 10 79
50: 1 70, 2 71, 3 72, 4 73, 5 74, 6 75, 7 76, 8 77, 9 78, 10 79
51: 1 70, 2 71, 3 72, 4 73, 5 74, 6 75, 7 76, 8 77, 9 78, 10 79
52: 1 70, 2 71, 3 72, 4 73, 5 74, 6 75, 7 76, 8 77, 9 78, 10 79
53: 1 70, 2 71, 3 72, 4 73, 5 74, 6 75, 7 76, 8 77, 9 78, 10 79
54: 1 70, 2 71, 3 72, 4 73, 5 74, 6 75, 7 76, 8 77, 9 78, 10 79
55: 1 70, 2 71, 3 72, 4 73, 5 74, 6 75, 7 76, 8 77, 9 78, 10 79
56: 1 70, 2 71, 3 72, 4 73, 5 74, 6 75, 7 76, 8 77, 9 78, 10 79
57: 1 70, 2 71, 3 72, 4 73, 5 74, 6 75, 7 76, 8 77, 9 78, 10 79
58: 1 70, 2 71, 3 72, 4 73, 5 74, 6 75, 7 76, 8 77, 9 78, 10 79
59: 1 70, 2 71, 3 72, 4 73, 5 74, 6 75, 7 76, 8 77, 9 78, 10 79
60: 1 70, 2 71, 3 72, 4 73, 5 74, 6 75, 7 76, 8 77, 9 78, 10 79
61: 1 70, 2 71, 3 72, 4 73, 5 74, 6 75, 7 76, 8 77, 9 78, 10 79
62: 1 70, 2 71, 3 72, 4 73, 5 74, 6 75, 7 76, 8 77, 9 78, 10 79
63: 1 70, 2 71, 3 72, 4 73, 5 74, 6 75, 7 76, 8 77, 9 78, 10 79
64: 1 70, 2 71, 3 72, 4 73, 5 74, 6 75, 7 76, 8 77, 9 78, 10 79
65: 1 70, 2 71, 3 72, 4 73, 5 74, 6 75, 7 76, 8 77, 9 78, 10 79
66: 1 70, 2 71, 3 72, 4 73, 5 74, 6 75, 7 76, 8 77, 9 78, 10 79
67: 1 70, 2 71, 3 72, 4 73, 5 74, 6 75, 7 76, 8 77, 9 78, 10 79
68: 1 70, 2 71, 3 72, 4 73, 5 74, 6 75, 7 76, 8 77, 9 78, 10 79
69: 1 70, 2 71, 3 72, 4 73, 5 74, 6 75, 7 76, 8 77, 9 78, 10 79
70: 1 70, 2 71, 3 72, 4 73, 5 74, 6 75, 7 76, 8 77, 9 78, 10 79
71: 1 70, 2 71, 3 72, 4 73, 5 74, 6 75, 7 76, 8 77, 9 78, 10 79
72: 1 70, 2 71, 3 72, 4 73, 5 74, 6 75, 7 76, 8 77, 9 78, 10 79
73: 1 70, 2 71, 3 72, 4 73, 5 74, 6 75, 7 76, 8 77, 9 78, 10 79
74: 1 70, 2 71, 3 72, 4 73, 5 74, 6 75, 7 76, 8 77, 9 78, 10 79
75: 1 70, 2 71, 3 72, 4 73, 5 74, 6 75, 7 76, 8 77, 9 78, 10 79
76: 1 70, 2 71, 3 72, 4 73, 5 74, 6 75, 7 76, 8 77, 9 78, 10 79
77: 1 70, 2 71, 3 72, 4 73, 5 74, 6 75, 7 76, 8 77, 9 78, 10 79
78: 1 70, 2 71, 3 72, 4 73, 5 74, 6 75, 7 76, 8 77, 9 78, 10 79
79: 1 70, 2 71, 3 72, 4 73, 5 74, 6 75, 7 76, 8 77, 9 78, 10 79
80: 1 70, 2 71, 3 72, 4 73, 5 74, 6 75, 7 76, 8 77, 9 78, 10 79
81: 1 70, 2 71, 3 72, 4 73, 5 74, 6 75, 7 76, 8 77, 9 78, 10 79
82: 1 70, 2 71, 3 72, 4 73, 5 74, 6 75, 7 76, 8 77, 9 78, 10 79
83: 1 70, 2 71, 3 72, 4 73, 5 74, 6 75, 7 76, 8 77, 9 78, 10 79
84: 1 70, 2 71, 3 72, 4 73, 5 74, 6 75, 7 76, 8 77, 9 78, 10 79
85: 1 100, 2 46, 3 47, 4 48, 5 49, 6 50, 7 51, 8 52, 9 53
86: 1 100, 2 46, 3 47, 4 48, 5 49, 6 50, 7 51, 8 52, 9 53
87: 1 100, 2 46, 3 47, 4 48, 5 49, 6 50, 7 51, 8 52, 9 53
88: 1 100, 2 46, 3 47, 4 48, 5 49, 6 50, 7 51, 8 52, 9 53
89: 1 100, 2 46, 3 47, 4 48, 5 49, 6 50, 7 51, 8 52, 9 53
90: 1 100, 2 46, 3 47, 4 48, 5 49, 6 50, 7 51, 8 52, 9 53
91: 1 100, 2 46, 3 47, 4 48, 5 49, 6 50, 7 51, 8 52, 9 53
92: 1 100, 2 46, 3 47, 4 48, 5 49, 6 50, 7 51, 8 52, 9 53
93: 1 100, 2 46, 3 47, 4 48, 5 49, 6 50, 7 51, 8 52, 9 53
94: 1 100, 2 46, 3 47, 4 48, 5 49, 6 50, 7 51, 8 52, 9 53
95: 1 100, 2 46, 3 47, 4 48, 5 49, 6 50, 7 51, 8 52, 9 53
96: 1 100, 2 46, 3 47, 4 48, 5 49, 6 50, 7 51, 8 52, 9 53
97: 1 100, 2 46, 3 47, 4 48, 5 49, 6 50, 7 51, 8 52, 9 53
98: 1 100, 2 46, 3 47, 4 48, 5 49, 6 50, 7 51, 8 52, 9 53
99: 1 100, 2 46, 3 47, 4 48, 5 49, 6 50, 7 51, 8 52, 9 53
100: 1 100, 2 46, 3 47, 4 48, 5 49, 6 50, 7 51, 8 52, 9 53
101: 1 100, 2 46, 3 47, 4 48, 5 49, 6 50, 7 51, 8 52, 9 53
102: 1 100, 2 46, 3 47, 4 48, 5 49, 6 50, 7 51, 8 52, 9 53
103: 1 100, 2 46, 3 47, 4 48, 5 49, 6 50, 7 51, 8 52, 9 53
104: 1 100, 2 46, 3 47, 4 48, 5 49, 6 50, 7 51, 8 52, 9 53
105: 1 100, 2 46, 3 47, 4 48, 5 49, 6 50, 7 51, 8 52, 9 53
106: 1 100, 2 46, 3 47, 4 48, 5 49, 6 50, 7 51, 8 52, 9 53
107: 1 100, 2 46, 3 47, 4 48, 5 49, 6 50, 7 51, 8 52, 9 53
108: 1 100, 2 46, 3 47, 4 48, 5 49, 6 50, 7 51, 8 52, 9 53
109: 1 100, 2 46, 3 47, 4 48, 5 49, 6 50, 7 51, 8 52, 9 53
110: 1 100, 2 46, 3 47, 4 48, 5 49, 6 50, 7 51, 8 52, 9 53
111: 1 100, 2 46, 3 47, 4 48, 5 49, 6 50, 7 51, 8 52, 9 53
112: 1 100, 2 46, 3 47, 4 48, 5 49, 6 50, 7 51, 8 52, 9 53
113: 1 100, 2 46, 3 47, 4 48, 5 49, 6 50, 7 51, 8 52, 9 53
114: 1 100, 2 46, 3 47, 4 48, 5 49, 6 50, 7 51, 8 52, 9 53
115: 1 100, 2 46, 3 47, 4 48, 5 49, 6 50, 7 51, 8 52, 9 53
116: 1 100, 2 46, 3 47, 4 48, 5 49, 6 50, 7 51, 8 52, 9 53
117: 1 100, 2 46, 3 47, 4 48, 5 49, 6 50, 7 51, 8 52, 9 53
118: 1 100, 2 46, 3 47, 4 48, 5 49, 6 50, 7 51, 8 52, 9 53
119: 1 100, 2 46, 3 47, 4 48, 5 49, 6 50, 7 51, 8 52, 9 53
120: 1 100, 2 46, 3 47, 4 48, 5 49, 6 50, 7 51, 8 52, 9 53
121: 1 100, 2 46, 3 47, 4 48, 5 49, 6 50, 7 51, 8 52, 9 53
122: 1 100, 2 46, 3 47, 4 48, 5 49, 6 50, 7 51, 8 52, 9 53
123: 1 100, 2 46, 3 47, 4 48, 5 49, 6 50, 7 51, 8 52, 9 53
124: 1 100, 2 46, 3 47, 4 48, 5 49, 6 50, 7 51, 8 52, 9 53
125: 1 100, 2 46, 3 47, 4 48, 5 49, 6 50, 7 51, 8 52, 9 53
126: 1 100, 2 46, 3 47, 4 48, 5 49, 6 50, 7 51, 8 52, 9 53
127: 1 100, 2 46, 3 47, 4 48, 5 49, 6 50, 7 51, 8 52, 9 53
128: 1 100, 2 46, 3 47, 4 48, 5 49, 6 50, 7 51, 8 52, 9 53
129: 1 100, 2 46, 3 47, 4 48, 5 49, 6 50, 7 51, 8 52, 9 53
130: 1 100, 2 46, 3 47, 4 48, 5 49, 6 50, 7 51, 8 52, 9 53
131: 1 100, 2 46, 3 47, 4 48, 5 49, 6 50, 7 51, 8 52, 9 53
132: 1 100, 2 46, 3 47, 4 48, 5 49, 6 50, 7 51, 8 52, 9 53
133: 1 100, 2 46, 3 47, 4 48, 5 49, 6 50, 7 51, 8 52
134: 1 100, 2 46, 3 47, 4 48, 5 49, 6 50, 7 51, 8 52
135: 1 100, 2 46, 3 47, 4 48, 5 49, 6 50, 7 51, 8 52
136: 1 100, 2 46, 3 47, 4 48, 5 49, 6 50, 7 51, 8 52
137: 1 100, 2 46, 3 47, 4 48, 5 49, 6 50, 7 51, 8 52
138: 1 100, 2 46, 3 47, 4 48, 5 49, 6 50, 7 51, 8 52
139: 1 100, 2 46, 3 47, 4 48, 5 49, 6 50, 7 51, 8 52
140: 1 100, 2 46, 3 47, 4 48, 5 49, 6 50, 7 51, 8 52
141: 1 100, 2 46, 3 47, 4 48, 5 49, 6 50, 7 51, 8 52
142: 1 100, 2 46, 3 47, 4 48, 5 49, 6 50, 7 51, 8 52
143: 1 100, 2 46, 3 47, 4 48, 5 49, 6 50, 7 51, 8 52
144: 1 100, 2 46, 3 47, 4 48, 5 49, 6 50, 7 51, 8 52
145: 1 100, 2 46, 3 47, 4 48, 5 49, 6 50, 7 51, 8 52
146: 1 100, 2 46, 3 47, 4 48, 5 49, 6 50, 7 51, 8 52
147: 1 100, 2 46, 3 47, 4 48, 5 49, 6 50, 7 51, 8 52
148: 1 100, 2 46, 3 47, 4 48, 5 49, 6 50, 7 51, 8 52
149: 1 100, 2 46, 3 47, 4 48, 5 49, 6 50, 7 51, 8 52
150: 1 100, 2 46, 3 47, 4 48, 5 49, 6 50, 7 51, 8 52
151: 1 100, 2 46, 3 47, 4 48, 5 49, 6 50, 7 51, 8 52
152: 1 100, 2 46, 3 47, 4 48, 5 49, 6 50, 7 51, 8 52
153: 1 100, 2 46, 3 47, 4 48, 5 49, 6 50, 7 51, 8 52
154: 1 100, 2 46, 3 47, 4 48, 5 49, 6 50, 7 51, 8 52
155: 1 100, 2 46, 3 47, 4 48, 5 49, 6 50, 7 51, 8 52
156: 1 100, 2 46, 3 47, 4 48, 5 49, 6 50, 7 51, 8 52
157: 1 100, 2 46, 3 47, 4 48, 5 49, 6 50, 7 51, 8 52
158: 1 100, 2 46, 3 47, 4 48, 5 49, 6 50, 7 51, 8 52
159: 1 100, 2 46, 3 47, 4 48, 5 49, 6 50, 7 51, 8 52
160: 1 100, 2 46, 3 47, 4 48, 5 49, 6 50, 7 51, 8 52
161: 1 100, 2 46, 3 47, 4 48, 5 49, 6 50, 7 51, 8 52
162: 1 100, 2 46, 3 47, 4 48, 5 49, 6 50, 7 51, 8 52
163: 1 100, 2 46, 3 47, 4 48, 5 49, 6 50, 7 51, 8 52
164: 1 100, 2 46, 3 47, 4 48, 5 49, 6 50, 7 51, 8 52
165: 1 100, 2 46, 3 47, 4 48, 5 49, 6 50, 7 51, 8 52
166: 1 100, 2 46, 3 47, 4 48, 5 49, 6 50, 7 51, 8 52
167: 1 100, 2 46, 3 47, 4 48, 5 49, 6 50, 7 51, 8 52
168: 1 100, 2 46, 3 47, 4 48, 5 49, 6 50, 7 51, 8 52
169: 1 100, 2 46, 3 47, 4 48, 5 49, 6 50, 7 51, 8 52
170: 1 100, 2 46, 3 47, 4 48, 5 49, 6 50, 7 51, 8 52
171: 1 100, 2 46, 3 47, 4 48, 5 49, 6 50, 7 51, 8 52
172: 1 100, 2 46, 3 47, 4 48, 5 49, 6 50, 7 51, 8 52
173: 1 100, 2 46, 3 47, 4 48, 5 49, 6 50, 7 51, 8 52
174: 1 100, 2 46, 3 47, 4 48, 5 49, 6 50, 7 51, 8 52
175: 1 100, 2 46, 3 47, 4 48, 5 49, 6 50, 7 51, 8 52
176: 1 100, 2 46, 3 47, 4 48, 5 49, 6 50, 7 51, 8 52
177: 1 100, 2 46, 3 47, 4 48, 5 49, 6 50, 7 51, 8 52
178: 1 100, 2 46, 3 47, 4 48, 5 49, 6 50, 7 51, 8 52
179: 1 100, 2 46, 3 47, 4 48, 5 49, 6 50, 7 51, 8 52
180: 1 100, 2 46, 3 47, 4 48, 5 49, 6 50, 7 51
181: 1 100, 2 46, 3 47, 4 48, 5 49, 6 50, 7 51
182: 1 100, 2 46, 3 47, 4 48, 5 49, 6 50, 7 51
183: 1 100, 2 46, 3 47, 4 48, 5 49, 6 50, 7 51
184: 1 100, 2 46, 3 47, 4 48, 5 49, 6 50, 7 51
185: 1 100, 2 46, 3 47, 4 48, 5 49, 6 50, 7 51
186: 1 100, 2 46, 3 47, 4 48, 5 49, 6 50, 7 51
187: 1 100, 2 46, 3 47, 4 48, 5 49, 6 50, 7 51
188: 1 100, 2 46, 3 47, 4 48, 5 49, 6 50, 7 51
189: 1 100, 2 46, 3 47, 4 48, 5 49, 6 50, 7 51
190: 1 100, 2 46, 3 47, 4 48, 5 49, 6 50, 7 51
191: 1 100, 2 46, 3 47, 4 48, 5 49, 6 50, 7 51
192: 1 100, 2 46, 3 47, 4 48, 5 49, 6 50, 7 51
193: 1 100, 2 46, 3 47, 4 48, 5 49, 6 50, 7 51
194: 1 100, 2 46, 3 47, 4 48, 5 49, 6 50, 7 51
195: 1 100, 2 46, 3 47, 4 48, 5 49, 6 50, 7 51
196: 1 100, 2 46, 3 47, 4 48, 5 49, 6 50, 7 51
197: 1 100, 2 46, 3 47, 4 48, 5 49, 6 50, 7 51
198: 1 100, 2 46, 3 47, 4 48, 5 49, 6 50, 7 51
199: 1 100, 2 46, 3 47, 4 48, 5 49, 6 50, 7 51
200: 1 100, 2 46, 3 47, 4 48, 5 49, 6 50, 7 51
201: 1 100, 2 46, 3 47, 4 48, 5 49, 6 50, 7 51
202: 1 100, 2 46, 3 47, 4 48, 5 49, 6 50, 7 51
203: 1 100, 2 46, 3 47, 4 48, 5 49, 6 50, 7 51
204: 1 100, 2 46, 3 47, 4 48, 5 49, 6 50, 7 51
205: 1 100, 2 46, 3 47, 4 48, 5 49, 6 50, 7 51
206: 1 100, 2 46, 3 47, 4 48, 5 49, 6 50, 7 51
207: 1 100, 2 46, 3 47, 4 48, 5 49, 6 50, 7 51
208: 1 100, 2 46, 3 47, 4 48, 5 49, 6 50, 7 51
209: 1 100, 2 46, 3 47, 4 48, 5 49, 6 50, 7 51
210: 1 100, 2 46, 3 47, 4 48, 5 49, 6 50, 7 51
211: 1 100, 2 46, 3 47, 4 48, 5 49, 6 50, 7 51
212: 1 100, 2 46, 3 47, 4 48, 5 49, 6 50, 7 51
213: 1 100, 2 46, 3 47, 4 48, 5 49, 6 50, 7 51
214: 1 100, 2 46, 3 47, 4 48, 5 49, 6 50, 7 51
215: 1 100, 2 46, 3 47, 4 48, 5 49, 6 50, 7 51
216: 1 100, 2 46, 3 47, 4 48, 5 49, 6 50, 7 51
217: 1 100, 2 46, 3 47, 4 48, 5 49, 6 50, 7 51
218: 1 100, 2 46, 3 47, 4 48, 5 49, 6 50, 7 51
219: 1 100, 2 46, 3 47, 4 48, 5 49, 6 50, 7 51
220: 1 100, 2 46, 3 47, 4 48, 5 49, 6 50, 7 51
221: 1 100, 2 46, 3 47, 4 48, 5 49, 6 50, 7 51
222: 1 100, 2 46, 3 47, 4 48, 5 49, 6 50, 7 51
223: 1 100, 2 46, 3 47, 4 48, 5 49, 6 50, 7 51
224: 1 100, 2 46, 3 47, 4 48, 5 49, 6 50, 7 51
225: 1 100, 2 46, 3 47, 4 48, 5 49, 6 50, 7 51
226: 1 100, 2 46, 3 47, 4 48, 5 49, 6 50, 7 51
227: 1 100, 2 46, 3 47, 4 48, 5 49, 6 50
228: 1 100, 2 46, 3 47, 4 48, 5 49, 6 50
229: 1 100, 2 46, 3 47, 4 48, 5 49, 6 50
230: 1 100, 2 46, 3 47, 4 48, 5 49, 6 50
231: 1 100, 2 46, 3 47, 4 48, 5 49, 6 50
232: 1 100, 2 46, 3 47, 4 48, 5 49, 6 50
233: 1 100, 2 46, 3 47, 4 48, 5 49, 6 50
234: 1 100, 2 46, 3 47, 4 48, 5 49, 6 50
235: 1 100, 2 46, 3 47, 4 48, 5 49, 6 50
236: 1 100, 2 46, 3 47, 4 48, 5 49, 6 50
237: 1 100, 2 46, 3 47, 4 48, 5 49, 6 50
238: 1 100, 2 46, 3 47, 4 48, 5 49, 6 50
239: 1 100, 2 46, 3 47, 4 48, 5 49, 6 50
240: 1 100, 2 46, 3 47, 4 48, 5 49, 6 50
241: 1 100, 2 46, 3 47, 4 48, 5 49, 6 50
242: 1 100, 2 46, 3 47, 4 48, 5 49, 6 50
243: 1 100, 2 46, 3 47, 4 48, 5 49, 6 50
244: 1 100, 2 46, 3 47, 4 48, 5 49, 6 50
245: 1 100, 2 46, 3 47, 4 48, 5 49, 6 50
246: 1 100, 2 46, 3 47, 4 48, 5 49, 6 50
247: 1 100, 2 46, 3 47, 4 48, 5 49, 6 50
248: 1 100, 2 46, 3 47, 4 48, 5 49, 6 50
249: 1 100, 2 46, 3 47, 4 48, 5 49, 6 50
250: 1 100, 2 46, 3 47, 4 48, 5 49, 6 50
251: 1 100, 2 46, 3 47, 4 48, 5 49, 6 50
252: 1 100, 2 46, 3 47, 4 48, 5 49, 6 50
253: 1 100, 2 46, 3 47, 4 48, 5 49, 6 50
254: 1 100, 2 46, 3 47, 4 48, 5 49, 6 50
255: 1 100, 2 46, 3 47, 4 48, 5 49, 6 50
256: 1 100, 2 46, 3 47, 4 48, 5 49, 6 50
257: 1 100, 2 46, 3 47, 4 48, 5 49, 6 50
258: 1 100, 2 46, 3 47, 4 48, 5 49, 6 50
259: 1 100, 2 46, 3 47, 4 48, 5 49, 6 50
260: 1 100, 2 46, 3 47, 4 48, 5 49, 6 50
261: 1 100, 2 46, 3 47, 4 48, 5 49, 6 50
262: 1 100, 2 46, 3 47, 4 48, 5 49, 6 50
263: 1 100, 2 46, 3 47, 4 48, 5 49, 6 50
264: 1 100, 2 46, 3 47, 4 48, 5 49, 6 50
265: 1 100, 2 46, 3 47, 4 48, 5 49, 6 50
266: 1 100, 2 46, 3 47, 4 48, 5 49, 6 50
267: 1 100, 2 46, 3 47, 4 48, 5 49, 6 50
268: 1 100, 2 46, 3 47, 4 48, 5 49, 6 50
269: 1 100, 2 46, 3 47, 4 48, 5 49, 6 50
270: 1 100, 2 46, 3 47, 4 48, 5 49, 6 50
271: 1 100, 2 46, 3 47, 4 48, 5 49, 6 50
272: 1 100, 2 46, 3 47, 4 48, 5 49, 6 50
273: 1 100, 2 46, 3 47, 4 48, 5 49, 6 50