42: 1 75, 2 71, 3 72, 4 73, 5 74, 6 75, 7 76, 8 77, 9 78, 10 79
43: 1 75, 2 71, 3 72, 4 73, 5 74, 6 75, 7 76, 8 77, 9 78, 10 79
44: 1 75, 2 71, 3 72, 4 73, 5 74, 6 75, 7 76, 8 77, 9 78, 10 79
45: 1 75, 2 71, 3 72, 4 73, 5 74, 6 75, 7 76, 8 77, 9 78, 10 79
46: 1 75, 2 71, 3 72, 4 73, 5 74, 6 75, 7 76, 8 77, 9 78, 10 79
47: 1 75, 2 71, 3 72, 4 73, 5 74, 6 75, 7 76, 8 77, 9 78, 10 79
48: 1 75, 2 71, 3 72, 4 73, 5 74, 6 75, 7 76, 8 77, 9 78, 10 79
49: 1 75, 2 71, 3 72, 4 73, 5 74, 6 75, 7 76, 8 77, 9 78, 10 79
50: 1 75, 2 71, 3 72, 4 73, 5 74, 6 75, 7 76, 8 77, 9 78, 10 79
51: 1 75, 2 71, 3 72, 4 73, 5 74, 6 75, 7 76, 8 77, 9 78, 10 79
52: 1 75, 2 71, 3 72, 4 73, 5 74, 6 75, 7 76, 8 77, 9 78, 10 79
53: 1 75, 2 71, 3 72, 4 73, 5 74, 6 75, 7 76, 8 77, 9 78, 10 79
54: 1 75, 2 71, 3 72, 4 73, 5 74, 6 75, 7 76, 8 77, 9 78, 10 79
55: 1 75, 2 71, 3 72, 4 73, 5 74, 6 75, 7 76, 8 77, 9 78, 10 79
56: 1 75, 2 71, 3 72, 4 73, 5 74, 6 75, 7 76, 8 77, 9 78, 10 79
57: 1 75, 2 71, 3 72, 4 73, 5 74, 6 75, 7 76, 8 77, 9 78, 10 79
58: 1 75, 2 71, 3 72, 4 73, 5 74, 6 75, 7 76, 8 77, 9 78, 10 79
59: 1 75, 2 71, 3 72, 4 73, 5 74, 6 75, 7 76, 8 77, 9 78, 10 79
60: 1 75, 2 71, 3 72, 4 73, 5 74, 6 75, 7 76, 8 77, 9 78, 10 79
61: 1 75, 2 71, 3 72, 4 73, 5 74, 6 75, 7 76, 8 77, 9 78, 10 79
62: 1 75, 2 71, 3 72, 4 73, 5 74, 6 75, 7 76, 8 77, 9 78, 10 79
63: 1 75, 2 71, 3 72, 4 73, 5 74, 6 75, 7 76, 8 77, 9 78, 10 79
64: 1 75, 2 71, 3 72, 4 73, 5 74, 6 75, 7 76, 8 77, 9 78, 10 79
65: 1 75, 2 71, 3 72, 4 73, 5 74, 6 75, 7 76, 8 77, 9 78, 10 79
66: 1 75, 2 71, 3 72, 4 73, 5 74, 6 75, 7 76, 8 77, 9 78, 10 79
67: 1 75, 2 71, 3 72, 4 73, 5 74, 6 75, 7 76, 8 77, 9 78, 10 79
68: 1 75, 2 71, 3 72, 4 73, 5 74, 6 75, 7 76, 8 77, 9 78, 10 79
69: 1 75, 2 71, 3 72, 4 73, 5 74, 6 75, 7 76, 8 77, 9 78, 10 79
70: 1 75, 2 71, 3 72, 4 73, 5 74, 6 75, 7 76, 8 77, 9 78, 10 79
71: 1 75, 2 71, 3 72, 4 73, 5 74, 6 75, 7 76, 8 77, 9 78, 10 79
72: 1 75, 2 71, 3 72, 4 73, 5 74, 6 75, 7 76, 8 77, 9 78, 10 79
73: 1 75, 2 71, 3 72, 4 73, 5 74, 6 75, 7 76, 8 77, 9 78, 10 79
74: 1 75, 2 71, 3 72, 4 73, 5 74, 6 75, 7 76, 8 77, 9 78, 10 79
75: 1 75, 2 71, 3 72, 4 73, 5 74, 6 75, 7 76, 8 77, 9 78, 10 79
76: 1 75, 2 71, 3 72, 4 73, 5 74, 6 75, 7 76, 8 77, 9 78, 10 79
77: 1 75, 2 71, 3 72, 4 73, 5 74, 6 75, 7 76, 8 77, 9 78, 10 79
78: 1 75, 2 71, 3 72, 4 73, 5 74, 6 75, 7 76, 8 77, 9 78, 10 79
79: 1 75, 2 71, 3 72, 4 73, 5 74, 6 75, 7 76, 8 77, 9 78, 10 79
80: 1 75, 2 71, 3 72, 4 73, 5 74, 6 75, 7 76, 8 77, 9 78, 10 79
81: 1 75, 2 71, 3 72, 4 73, 5 74, 6 75, 7 76, 8 77, 9 78, 10 79
82: 1 75, 2 71, 3 72, 4 73, 5 74, 6 75, 7 76, 8 77, 9 78, 10 79
83: 1 75, 2 71, 3 72, 4 73, 5 74, 6 75, 7 76, 8 77, 9 78, 10 79
84: 1 75, 2 71, 3 72, 4 73, 5 74, 6 75, 7 76, 8 77, 9 78, 10 79
85: 1 75, 2 71, 3 72, 4 73, 5 74, 6 75, 7 76, 8 77, 9 78, 10 79
86: 1 75, 2 71, 3 72, 4 73, 5 74, 6 75, 7 76, 8 77, 9 78, 10 79
87: 1 75, 2 71, 3 72, 4 73, 5 74, 6 75, 7 76, 8 77, 9 78, 10 79
88: 1 75, 2 71, 3 72, 4 73, 5 74, 6 75, 7 76, 8 77, 9 78, 10 79
89: 1 75, 2 71, 3 72, 4 73, 5 74, 6 75, 7 76, 8 77, 9 78, 10 79
90: 1 75, 2 71, 3 72, 4 73, 5 74, 6 75, 7 76, 8 77, 9 78, 10 79
91: 1 45, 2 100, 3 47, 4 48, 5 49, 6 75, 7 51, 8 52, 9 53
92: 1 45, 2 100, 3 47, 4 48, 5 49, 7 51, 8 52, 9 53
93: 1 45, 2 100, 3 47, 4 48, 5 49, 7 51, 8 52, 9 53
94: 1 45, 2 100, 3 47, 4 48, 5 49, 7 51, 8 52, 9 53
95: 1 45, 2 100, 3 47, 4 48, 5 49, 7 51, 8 52, 9 53
96: 1 45, 2 100, 3 47, 4 48, 5 49, 7 51, 8 52, 9 53
97: 1 45, 2 100, 3 47, 4 48, 5 49, 7 51, 8 52, 9 53
98: 1 45, 2 100, 3 47, 4 48, 5 49, 7 51, 8 52, 9 53
99: 1 45, 2 100, 3 47, 4 48, 5 49, 7 51, 8 52, 9 53
100: 1 45, 2 100, 3 47, 4 48, 5 49, 7 51, 8 52, 9 53
101: 1 45, 2 100, 3 47, 4 48, 5 49, 7 51, 8 52, 9 53
102: 1 45, 2 100, 3 47, 4 48, 5 49, 7 51, 8 52, 9 53
103: 1 45, 2 100, 3 47, 4 48, 5 49, 7 51, 8 52, 9 53
104: 1 45, 2 100, 3 47, 4 48, 5 49, 7 51, 8 52, 9 53
105: 1 45, 2 100, 3 47, 4 48, 5 49, 7 51, 8 52, 9 53
106: 1 45, 2 100, 3 47, 4 48, 5 49, 7 51, 8 52, 9 53
107: 1 45, 2 100, 3 47, 4 48, 5 49, 7 51, 8 52, 9 53
108: 1 45, 2 100, 3 47, 4 48, 5 49, 7 51, 8 52, 9 53
109: 1 45, 2 100, 3 47, 4 48, 5 49, 7 51, 8 52, 9 53
110: 1 45, 2 100, 3 47, 4 48, 5 49, 7 51, 8 52, 9 53
111: 1 45, 2 100, 3 47, 4 48, 5 49, 7 51, 8 52, 9 53
112: 1 45, 2 100, 3 47, 4 48, 5 49, 7 51, 8 52, 9 53
113: 1 45, 2 100, 3 47, 4 48, 5 49, 7 51, 8 52, 9 53
114: 1 45, 2 100, 3 47, 4 48, 5 49, 7 51, 8 52, 9 53
115: 1 45, 2 100, 3 47, 4 48, 5 49, 7 51, 8 52, 9 53
116: 1 45, 2 100, 3 47, 4 48, 5 49, 7 51, 8 52, 9 53
117: 1 45, 2 100, 3 47, 4 48, 5 49, 7 51, 8 52, 9 53
118: 1 45, 2 100, 3 47, 4 48, 5 49, 7 51, 8 52, 9 53
119: 1 45, 2 100, 3 47, 4 48, 5 49, 7 51, 8 52, 9 53
120: 1 45, 2 100, 3 47, 4 48, 5 49, 7 51, 8 52, 9 53
121: 1 45, 2 100, 3 47, 4 48, 5 49, 7 51, 8 52, 9 53
122: 1 45, 2 100, 3 47, 4 48, 5 49, 7 51, 8 52, 9 53
123: 1 45, 2 100, 3 47, 4 48, 5 49, 7 51, 8 52, 9 53
124: 1 45, 2 100, 3 47, 4 48, 5 49, 7 51, 8 52, 9 53
125: 1 45, 2 100, 3 47, 4 48, 5 49, 7 51, 8 52, 9 53
126: 1 45, 2 100, 3 47, 4 48, 5 49, 7 51, 8 52, 9 53
127: 1 45, 2 100, 3 47, 4 48, 5 49, 7 51, 8 52, 9 53
128: 1 45, 2 100, 3 47, 4 48, 5 49, 7 51, 8 52, 9 53
129: 1 45, 2 100, 3 47, 4 48, 5 49, 7 51, 8 52, 9 53
130: 1 45, 2 100, 3 47, 4 48, 5 49, 7 51, 8 52, 9 53
131: 1 45, 2 100, 3 47, 4 48, 5 49, 7 51, 8 52, 9 53
132: 1 45, 2 100, 3 47, 4 48, 5 49, 7 51, 8 52, 9 53
133: 1 45, 2 100, 3 47, 4 48, 5 49, 7 51, 8 52, 9 53
134: 1 45, 2 100, 3 47, 4 48, 5 49, 7 51, 8 52, 9 53
135: 1 45, 2 100, 3 47, 4 48, 5 49, 7 51, 8 52, 9 53
136: 1 45, 2 100, 3 47, 4 48, 5 49, 7 51, 8 52, 9 53
137: 1 45, 2 100, 3 47, 4 48, 5 49, 7 51, 8 52, 9 53
138: 1 45, 2 100, 3 47, 4 48, 5 49, 7 51, 8 52
139: 1 45, 2 100, 3 47, 4 48, 5 49, 7 51
140: 1 100, 2 46, 3 47, 4 48, 5 49, 7 51
141: 1 100, 2 46, 3 47, 4 48, 5 49, 7 51
142: 1 100, 2 46, 3 47, 4 48, 5 49, 7 51
143: 1 100, 2 46, 3 47, 4 48, 5 49, 7 51
144: 1 100, 2 46, 3 47, 4 48, 5 49, 7 51
145: 1 100, 2 46, 3 47, 4 48, 5 49, 7 51
146: 1 100, 2 46, 3 47, 4 48, 5 49, 7 51
147: 1 100, 2 46, 3 47, 4 48, 5 49, 7 51
148: 1 100, 2 46, 3 47, 4 48, 5 49, 7 51
149: 1 100, 2 46, 3 47, 4 48, 5 49, 7 51
150: 1 100, 2 46, 3 47, 4 48, 5 49, 7 51
151: 1 100, 2 46, 3 47, 4 48, 5 49, 7 51
152: 1 100, 2 46, 3 47, 4 48, 5 100, 7 51
153: 1 100, 2 46, 3 47, 4 48, 5 100, 7 51
154: 1 100, 2 46, 3 47, 4 48, 5 49, 7 51
155: 1 100, 2 46, 3 47, 4 48, 5 49, 7 51
156: 1 100, 2 46, 3 47, 4 48, 5 49, 7 51
157: 1 100, 2 46, 3 47, 4 48, 5 49, 7 51
158: 1 100, 2 46, 3 47, 4 48, 5 49, 7 51
159: 1 100, 2 46, 3 100, 4 48, 5 49, 7 51
160: 1 100, 2 46, 3 47, 4 48, 5 49, 7 51
161: 1 100, 2 46, 3 47, 4 48, 5 49, 7 51
162: 1 100, 2 46, 3 47, 4 48, 5 49, 7 51
163: 1 100, 2 46, 3 47, 4 48, 5 49, 7 51
164: 1 100, 2 46, 3 47, 4 48, 5 49, 7 51
165: 1 100, 2 46, 3 47, 4 48, 5 49, 7 51
166: 1 100, 2 46, 3 47, 4 48, 5 49, 7 51
167: 1 100, 2 46, 3 47, 4 48, 5 49, 7 51
168: 1 100, 2 46, 3 47, 4 48, 5 49, 7 51
169: 1 100, 2 46, 3 47, 4 48, 5 49, 7 51
170: 1 100, 2 46, 3 47, 4 48, 5 49, 7 51
171: 1 100, 2 46, 3 47, 4 48, 5 49, 7 51
172: 1 100, 2 46, 3 47, 4 48, 5 49, 7 51
173: 1 100, 2 46, 3 47, 4 48, 5 49, 7 51
174: 1 100, 2 46, 3 47, 4 48, 5 49, 7 51
175: 1 100, 2 46, 3 47, 4 48, 5 49, 7 51
176: 1 100, 2 46, 3 47, 4 48, 5 49, 7 51
177: 1 100, 2 46, 3 47, 4 48, 5 49, 7 51
178: 1 100, 2 46, 3 47, 4 48, 5 49, 7 51
179: 1 100, 2 46, 3 47, 4 48, 5 49, 7 51
180: 1 100, 2 46, 3 47, 4 48, 5 49, 7 51
181: 1 100, 2 46, 3 47, 4 48, 5 49, 7 51
182: 1 100, 2 46, 3 47, 4 48, 5 49, 7 51
183: 1 100, 2 46, 3 47, 4 48, 5 49, 7 51
184: 1 100, 2 46, 3 47, 4 48, 5 49, 7 51
185: 1 100, 2 100, 3 100, 4 100, 5 100
186: 1 100, 2 100, 3 100, 4 100, 5 100
187: 1 100, 2 100, 3 100, 4 100, 5 100
188: 1 100, 2 100, 3 100, 4 100, 5 100
189: 1 100, 2 100, 3 100, 4 100, 5 100
190: 1 100, 2 100, 3 100, 4 100, 5 100
191: 1 100, 2 100, 3 100, 4 100, 5 100
192: 1 100, 2 100, 3 100, 4 100, 5 100
193: 1 100, 2 100, 3 100, 4 100, 5 100
194: 1 100, 2 100, 3 100, 4 100, 5 100
195: 1 100, 2 100, 3 100, 4 100, 5 100
196: 1 100, 2 100, 3 100, 4 100, 5 100
197: 1 100, 2 100, 3 100, 4 100, 5 100
198: 1 100, 2 100, 3 100, 4 100, 5 100
199: 1 100, 2 46, 3 47, 4 48, 5 49
200: 1 100, 2 100, 3 100, 4 100, 5 100
201: 1 100, 2 100, 3 100, 4 100, 5 100
202: 1 100, 2 100, 3 100, 4 100, 5 100
203: 1 100, 2 100, 3 100, 4 100, 5 100
204: 1 100, 2 100, 3 100, 4 100, 5 100
205: 1 100, 2 100, 3 100, 4 100, 5 100
206: 1 100, 2 100, 3 100, 4 100, 5 49
207: 1 100, 2 100, 3 100, 4 100, 5 100
208: 1 100, 2 100, 3 100, 4 100, 5 100
209: 1 100, 2 100, 3 100, 4 100, 5 100
210: 1 100, 2 100, 3 100, 4 100, 5 100
211: 1 100, 2 100, 3 100, 4 100, 5 49
212: 1 100, 2 100, 3 100, 4 100, 5 100
213: 1 100, 2 100, 3 100, 4 100, 5 100
214: 1 100, 2 100, 3 100, 4 100, 5 100
215: 1 100, 2 100, 3 100, 4 100, 5 100
216: 1 100, 2 100, 3 100, 4 100, 5 100
217: 1 100, 2 100, 3 100, 4 100, 5 100
218: 1 100, 2 100, 3 100, 4 100, 5 100
219: 1 100, 2 100, 3 100, 4 100, 5 100
220: 1 100, 2 100, 3 100, 4 100, 5 100
221: 1 100, 2 100, 3 100, 4 100, 5 100
222: 1 100, 2 100, 3 100, 4 100, 5 100
223: 1 100, 2 100, 3 100, 4 100, 5 100
224: 1 100, 2 100, 3 100, 4 100, 5 100
225: 1 100, 2 100, 3 100, 4 100, 5 100
226: 1 100, 2 100, 3 100, 4 100, 5 100
227: 1 100, 2 100, 3 100, 4 100, 5 100
228: 1 100, 2 100, 3 100, 4 100, 5 100
229: 1 100, 2 100, 3 100, 4 100, 5 100
230: 1 100, 2 100, 3 100, 4 100, 5 100
231: 1 100, 2 100, 3 100, 4 100, 5 100
232: 1 100, 2 100, 3 100, 4 100, 5 100
233: 1 100, 2 100, 3 100, 4 100, 5 100
234: 1 100, 2 46, 3 47, 4 48, 5 49
235: 1 100, 2 100, 3 100, 4 100, 5 100
236: 1 100, 2 100, 3 100, 4 100, 5 100
237: 1 100, 2 100, 3 100, 4 100, 5 100
238: 1 100, 2 100, 3 100, 4 100, 5 100
239: 1 100, 2 100, 3 100, 4 100, 5 100
240: 1 100, 2 100, 3 100, 4 100, 5 100
241: 1 100, 2 100, 3 100, 4 100, 5 10